[app/ui]
version = 6.6.0
modtime = 1495527219.897113000

[app/launcher]
version = 6.6.0
modtime = 1495527219.898452000
