[app/ui]
version = 6.6.0
modtime = 1495527094.649237000

[app/launcher]
version = 6.6.0
modtime = 1495527094.650593000
